$ANSIBLE_VAULT;1.1;AES256
35366362636661366465333261393865613533363930393433336132356533376338366530653431
3161373632353331326230613236363863633365633164330a323761313933646231316633616330
30663639613364623735346261326266613032373763613565643031326432343861626563343433
3562626337663032650a346362656536633930653263643063353136613032396561396666623830
37353263636333633037383262613733313165663139373635633330643764633535323264346162
65643631303430336234363665666633643464353535306237373764323233343762626339663534
33396563353936653564386163373334623934666631373733343839323665643061313264343964
31326235306137616161636335346562336435366632643466656539633637616562313338633334
33613038393862333134623831666632666335343966333064643264323337663233313931613437
38663730356261393633633937336433363935666365626335653964653137366164396637643738
64333338633538636530613732626464623461313665663762353931336536623632666233363737
34356639653766663635393931316364313732356162326636353533633932323761636663363133
35303439623662613133313737343639333135393439353866303033636636303934386638386137
38336565313938346539366238383437353034316137373134316361623532363235343433643666
31333834353034633066396563313135383738663334663536393862316561643134663539396139
30316332396431353537656266303939313162303537333332653466643465336664656134363832
39393736373965363536366266643636313030313930376134386564326264376336666635623130
38333739363463363532313339396463663334343262376463636337326363383834343764303737
38656632303765396431343831636439383733343630343433303239646365303462616437393931
64306466383765663866626334346538323634666333333862653236363233366233393236393365
35303366323236303130353562333830313735343438626430396231346238383066376231356161
65336630626331393338313166393830643236316532656631323562633338396537353561383034
39356330383831356432323437386262386230656239313861353936636239376137346238643464
39313731636566306239313464653964626438613366616364313265396135333531386165613165
61316636636139346563393964323136383031313334323964613937376465396138636466623035
37336266333636383133336365653263336164343037613437306433616139633335356234363632
63646461613339613165376237376533646266383865376565393739643431346261666335346437
65393735623035313732336166663435393462323561663135653235376433303731653938316666
38333331643930363665386662653062646539616236626339306365326637613732376366316164
33623065353036373936643536623763663531363830363665636164333966316432363138383863
36366638643962623935306137393237333831316232313266363539363836376636393263343065
31336365333466656562366663613332356530346166323234336361333863363364653332613065
64386330383638306335613430333339303330366534363134343338633065306561346137393736
30393366363836393537363262346363343732303431646435653035363065643361323561316139
36393863633361613966313032343062633833356134346333633364626266323937336639643761
37373865626662366130313632356334643130303361323361386534346263626130396337346264
61383265353833656335653462336131666139366661366339666235353063646461343932313961
62383931306166303766656265336237653164383632373234336165376435663934353534643862
62646461623665666130313033633838633763393534396465643236336132663462346238653963
61316130643763393532303835653334346562643336663461313663376434623363326639316465
31366432313839666636383535616432363030633930396263323137353664346439356561323165
34656437343261353430633730643532623937646436313364343538343663653134376434363031
32393933633263663662343134643534326332363361613634336338393665396164356234306561
30343566626434633664373336376333333338343335306138643636663165326363383333326233
65626461363066313734643062613861646337363164366136336163666361623133356233616231
3162636332326333356531353935626330313135616466633631
